Number:  1.00   1.00   1.00   1.00   1.00   1.00   1.00   1.00   1.00   1.00   1.00   1.00   1.00   1.00   1.00
            0   7500  15000  22500  30000  37500  45000  52500  60000  67500  75000  82500  90000  97500 105000
                                           
Tab:     1.50   1.00   1.00   1.00   1.00   1.00   1.00   1.00   1.00   1.00   1.00   1.00   1.00   1.50   
         1875  11250  18750  26250  33750  41250  48750  56250  63750  71250  78750  86250  93750 103125   
                                             
Enter:   1.75   1.00   1.00   1.00   1.00   1.00   1.00   1.00   1.00   1.00   1.00   1.00   2.25      
         2813  13125  20625  28125  35625  43125  50625  58125  65625  73125  80625  88125 100313      
                                             
Shift:   2.25   1.00   1.00   1.00   1.00   1.00   1.00   1.00   1.00   1.00   1.00   1.75   1.00  
         4688  16875  24375  31875  39375  46875  54375  61875  69375  76875  84375  94688 105000

Space:   1.50   1.00   1.50   7.00   1.50   1.00   1.50
         1875  11250  20625  52500  84375  93750 103125
